<?xml version="1.0"?>
<opencv_storage>
<R_matrix type_id="opencv-matrix">
  <rows>3</rows>
  <cols>3</cols>
  <dt>d</dt>
  <data>
    9.9958685093151611e-001 -6.1403529588768000e-003
    2.8078880147817495e-002 5.2424220931089225e-003
    9.9947599419151367e-001 3.1941415834040941e-002
    -2.8260298218751513e-002 -3.1781017926206377e-002
    9.9909525193755244e-001</data></R_matrix>
</opencv_storage>
