<?xml version="1.0"?>
<opencv_storage>
<T_matrix type_id="opencv-matrix">
  <rows>3</rows>
  <cols>1</cols>
  <dt>d</dt>
  <data>
    -1.8373487485905056e+002 1.8312299881019736e+000
    -7.7259292474234691e+000</data></T_matrix>
</opencv_storage>
